autonomous: (0.29531463748290016, 0.7046853625170999)
enron: (0.27986947791164662, 0.72013052208835338)
gnutella: (0.2823660714285714, 0.7645089285714286)
voices: (0.32682291666666663, 0.67317708333333337)
